0.005489937
0.005134556
0.006417096
0.002934066
-0.005163895
-0.005163895
-0.013233764
-0.012697579
-0.009094975
3.25E-04
0.008576103
0.013688993
0.077417724
0.077417724
0.083714984
0.083714984
0.08404327
0.08404327
0.09104975
0.09104975
0.10441931
0.1193819
0.13845366
0.18833806
0.20768578
0.20768578
0.22698961
0.24471107
0.2596164
0.2757279
0.2941826
0.3363584
0.3363584
0.37767798
0.37767798
0.3842723
0.3655861
0.32271495
0.31252393
0.31252393
0.2929126
0.2929126
0.26870275
0.26870275
0.2389331
0.2389331
0.20257594
0.15998389
0.11893308
0.08514801
0.059506536
0.04324495
0.03287814
0.020267565
-0.003474677
-0.03469151
-0.06058736
-0.07380606
-0.07507789
-0.06857807
-0.06106412
-0.060517848
-0.06701096
-0.08229512
-0.09723516
-0.107472315
-0.100202784
-0.023117296
-0.023117296
-0.002144042
-0.002144042
0.013037222
0.013037222
0.032668777
0.032668777
0.061404448
0.09756343
0.12890667
0.14810087
0.16345066
0.1779302
0.18485992
0.16944756
0.1408971
0.10917267
0.082351655
0.06198714
0.05560822
0.040486038
0.012891326
-0.020503953
-0.057027742
-0.086597376
-0.11252465
-0.11993571
-0.12874351
-0.13375895
-0.13265651
-0.12410227
-0.11642287
-0.11642287
-0.11560339
-0.121132985
-0.121132985
-0.12997545
-0.16945882
-0.15851243
-0.15851243
-0.14335994
-0.14335994
-0.1213188
-0.1213188
-0.10076711
-0.089387715
-0.08639689
-0.08224277
-0.06969923
-0.06318782
-0.053274177
-0.028804433
-0.004132904
0.014766216
0.0302272
0.077141926
0.0900307
0.0900307
0.1087375
0.12383428
0.12916708
0.12878034
0.12909786
0.12798716
0.12513232
0.12137944
0.107706
0.08304455
0.068731606
0.047413655
-0.027190216
-0.05426599
-0.092145115
-0.11334142
-0.11334142
-0.12845938
-0.12845938
-0.14835985
-0.14835985
-0.16240649
-0.16685236
-0.16685236
-0.16527507
-0.16749735
-0.1708421
-0.17655675
-0.18179724
-0.18973143
-0.19037685
-0.1842562
-0.1720164
-0.15518351
-0.13375358
-0.11449531
-0.09034841
-0.0694632
-0.053482972
-0.020029813
5.81E-04
0.025550077
0.025550077
0.052115545
0.07950824
0.10190444
0.12047971
0.12772337
0.10626585
0.031926077
0.031926077
0.018843725
0.018843725
0.006320718
0.006320718
-0.007538667
-0.028754197
-0.06073781
-0.09124942
-0.11674864
-0.14380768
-0.1654767
-0.17486772
-0.1787921
-0.17927995
-0.18618497
-0.20015177
-0.20112704
-0.19159997
-0.1782319
-0.16323386
-0.14344415
-0.1520992
-0.15353651
-0.15353651
-0.14800897
-0.13834578
-0.12185566
-0.10048022
-0.07204254
-0.07204254
-0.025696484
-0.025696484
-0.002145373
0.0648223
0.09154645
0.09154645
0.10860732
0.10860732
0.116789855
0.116789855
0.104045145
0.07969093
0.07969093
0.041891407
0.009392161
-0.02148383
-0.041400503
-0.04862351
-0.0570978
-0.06933974
-0.09030193
-0.09030193
-0.109625764
-0.12600818
-0.13930601
-0.1475595
-0.14574766
-0.14574766
-0.13343178
-0.13286802
-0.14803061
-0.14803061
-0.16325895
-0.1570164
-0.15187284
-0.15187284
-0.1407689
-0.12882352
-0.09814035
-0.09814035
-0.0786508
-0.0786508
-0.053644992
-0.053644992
-0.024263375
-0.024263375
0.00498919
0.033148065
0.056958735
0.07868905
0.09768749
0.116513
0.13780622
0.16492707
0.19092588
0.21356647
0.22372827
0.2118305
0.05509024
0.05688416
0.065176964
0.065176964
0.061803672
0.042581566
0.042581566
-0.027648095
-0.080831446
-0.080831446
-0.10152929
-0.108106546
-0.11431386
-0.11404885
-0.0919435
-0.087858155
-0.087858155
-0.08775603
-0.08775603
-0.08908244
-0.08908244
-0.08865554
-0.032516122
-0.032516122
-0.002676142
-0.002676142
0.021127867
0.021127867
0.039549656
0.05188947
0.057338107
0.057338107
0.06977278
0.08993933
0.08993933
0.11293311
0.11370673
0.0955534
0.0813489
0.0813489
0.07722267
0.07722267
0.03553984
-0.004564013
-0.004564013
-0.039699662
-0.039699662
-0.061351575
-0.061351575
-0.07095914
-0.080277175
-0.080277175
-0.08911839
-0.08911839
-0.100213535
-0.100213535
-0.1165127
-0.13432764
-0.1475463
-0.15249588
-0.15033439
-0.14865275
-0.15059255
-0.15545471
-0.16254947
-0.17188336
-0.17850912
-0.17125165
-0.15943822
-0.15943822
-0.1498585
-0.13792446
-0.124441765
-0.10926687
-0.09084576
-0.0706461
-0.049280886
-0.030213362
-0.013505986
0.00264824
0.023204176
0.07681253
0.104284436
0.118746005
0.14168547
0.118396685
0.118396685
0.118396685
0.07773667
0.07773667
0.029344656
0.029344656
-0.010273371
-0.010273371
-0.03761951
-0.03761951
-0.05861359
-0.070233695
-0.082329035
-0.082329035
-0.09519504
-0.11003804
-0.11003804
-0.11909805
-0.13040553
-0.13040553
-0.138061
-0.14029966
-0.14029966
-0.13383417
-0.12781364
-0.12296166
-0.12198622
-0.124089
-0.12839404
-0.12910375
-0.12541449
-0.11297488
-0.03175867
-0.03175867
-0.03175867
-0.015779182
-0.015779182
-0.015779182
-0.006410306
1.37E-04
0.008963804
0.02067615
0.03774231
0.054252602
0.07125422
0.08922644
0.10741938
0.12754843
0.14824839
0.16424303
0.17193094
0.1695889
0.15439339
0.12940174
0.115245216
0.11510023
0.13002446
0.14693092
0.15252258
0.13839608
0.10203093
0.04957559
0.0034559
-0.0252159
-0.041890524
-0.048639037
-0.0593245
-0.06380629
-0.08294439
-0.08294439
-0.10948493
-0.10948493
-0.10948493
-0.12239729
-0.12214545
-0.114279285
-0.101906076
-0.095726356
-0.08947943
-0.09034841
-0.09349861
-0.10129108
-0.10890453
-0.11293831
-0.103981614
-0.087395616
-0.0671947
-0.04144101
-0.015042804
0.006561747
0.029412653
0.054563664
0.10709248
0.10709248
0.1511855
0.1511855
0.15671742
0.1133891
0.1133891
0.07378643
0.10177756
0.10177756
0.095649086
0.07814935
0.05236624
0.028844716
0.028844716
0.009937918
-0.012348956
-0.027468534
-0.04476125
-0.04476125
-0.059056103
-0.0731632
-0.09015657
-0.11047589
-0.1263531
-0.14890528
-0.14890528
-0.14212254
-0.14212254
-0.13311125
-0.13311125
-0.13311125
-0.13311125
-0.13895857
-0.13895857
-0.1542485
-0.1542485
-0.1537696
-0.1537696
-0.1537696
-0.14698201
-0.14698201
-0.14698201
-0.14099416
-0.1318286
-0.1318286
-0.124817386
0.005610194
0.07553588
0.11731537
0.14526393
0.18775299
0.22851254
0.25695252
0.25471458
0.25471458
0.14750725
0.09226221
0.03871881
0.03871881
-3.50E-04
-3.50E-04
-0.02936818
-0.02936818
-0.052176654
-0.072962716
-0.090028375
-0.090028375
-0.10527423
-0.09719924
-0.13623832
-0.15556383
-0.15556383
-0.16066596
-0.16066596
-0.16345653
-0.16345653
-0.16910386
-0.16910386
-0.16910386
-0.17458463
-0.17458463
-0.17458463
-0.17306869
-0.17306869
-0.17306869
-0.16964331
-0.16964331
-0.16582973
-0.16582973
-0.16080227
-0.16080227
-0.15601815
-0.15601815
-0.15601815
-0.14584346
-0.14584346
-0.14584346
-0.13502596
-0.13502596
-0.1257921
-0.1257921
-0.121733375
-0.121733375
-0.11622255
-0.1138413
-0.10832578
-0.07834168
-0.06578567
-0.06578567
-0.042520493
-0.042520493
-0.042520493
-0.018823486
-0.018823486
-0.006556771
-0.006556771
0.007752167
0.007752167
0.007752167
0.028264958
0.028264958
0.04683174
0.04683174
0.04683174
0.06270606
0.06270606
0.06270606
0.080982305
0.09930806
0.09930806
0.11870815
0.11870815
0.1341615
0.1341615
0.14423557
0.14423557
0.14473985
0.14473985
0.1427236
0.1427236
0.13966386
0.14363387
0.15392841
0.101655394
-0.05672692
-0.05672692
-0.05294392
-0.05150368
-0.05150368
-0.047062434
-0.04653234
-0.05065501
-0.052982617
-0.052982617
-0.047810372
-0.047810372
-0.03512959
-0.03512959
-0.020657107
-0.020657107
-0.013010873
-0.012850983
-0.012850983
-0.009578121
-0.00482503
-0.00482503
0.002264249
0.016288664
0.016288664
0.03903546
0.06653619
0.06653619
0.09281424
0.09281424
0.117257535
0.14118814
0.16148475
0.2310893
0.2310893
0.2573632
0.2573632
0.2806693
0.2806693
0.30224067
0.30224067
0.30224067
0.3159519
0.3159519
0.3080155
0.3080155
0.3080155
0.27970985
0.27970985
0.27970985
0.2420929
0.2420929
0.2420929
0.2081625
0.2081625
0.2081625
0.16370389
0.16370389
0.13374056
0.13374056
0.13374056
0.13364588
0.13364588
0.12957723
0.12957723
0.12957723
0.10158713
0.10158713
0.06888447
0.02879721
-0.10851209
-0.12189543
-0.12189543
-0.12189543
-0.13149783
-0.13149783
-0.14231114
-0.15458313
-0.16588372
-0.16618358
-0.16418894
-0.16406968
-0.16846283
-0.19647637
-0.19647637
-0.20858137
-0.20996334
-0.20456329
-0.19467936
-0.18423447
-0.17103949
-0.15513968
-0.13206461
-0.10805997
-0.09001481
-0.07461019
-0.058994472
-0.043379225
-0.026264736
-0.006783709
0.006421297
0.016414931
-6.98E-04
-6.98E-04
-6.98E-04
-0.026588617
-0.026588617
-0.050197892
-0.050197892
-0.050197892
-0.068608336
-0.068608336
-0.068608336
-0.07950561
-0.07950561
-0.094442934
-0.094442934
-0.094442934
-0.108636424
-0.108636424
-0.12432453
-0.14067721
-0.14067721
-0.15796496
-0.15796496
-0.15796496
-0.17535982
-0.19030535
-0.2037289
-0.2091595
-0.20447072
-0.20103198
-0.20547116
-0.21184085
-0.21146977
-0.20494543
-0.19605698
-0.19093993
-0.18575075
-0.17511189
-0.16285774
-0.14398429
-0.14398429
-0.14398429
-0.120803446
-0.120803446
-0.098998055
-0.08155237
-0.060539387
-0.03522673
-0.008781401
0.019360323
0.047433063
0.0767637
0.10244185
0.14854828
0.14854828
0.16918175
0.08772394
0.08772394
0.08772394
0.06856034
0.06856034
0.06856034
0.07289868
0.088609494
0.10017849
0.09929162
0.07934355
0.049856186
0.010728784
-0.016204137
-0.029660445
-0.044431034
-0.09531386
-0.09531386
-0.1071153
-0.114523694
-0.114523694
-0.119546965
-0.12275555
-0.12275555
-0.12564814
-0.11953876
-0.11953876
-0.11253196
-0.11253196
-0.10973023
-0.10283471
-0.09281606
-0.08321762
-0.07808144
-0.07379112
-0.06994131
-0.06793136
-0.055631842
-0.03797874
-0.018644657
0.004756231
0.031853452
0.05563727
0.07995347
0.103410184
0.122608095
0.13844489
0.15048234
0.1622732
0.18459994
0.15541786
0.13595901
0.11920138
0.11920138
0.11920138
0.11299073
0.106535755
0.10070279
0.09189946
0.08060413
0.053590152
0.019622128
-0.008022495
-0.03291841
-0.04957313
-0.06808476
-0.0821693
-0.09552991
-0.09552991
-0.09977858
-0.10670758
-0.11992456
-0.12754959
-0.124304056
-0.11725496
-0.10004646
-0.10004646
-0.09907987
-0.103261024
-0.10929613
-0.115260415
-0.11405977
-0.11259927
-0.10612217
-0.09054986
-0.017419351
0.00732453
0.00732453
0.028717617
0.028717617
0.028717617
0.045234997
0.060810186
0.076854825
0.096305355
0.115957975
0.14673343
0.12999877
0.10378183
0.10378183
0.07440366
0.07440366
0.053170312
0.045850623
0.050040714
0.060599774
0.06178506
0.047187798
0.01718335
-0.0162684
-0.044537477
-0.06773051
-0.08729975
-0.10358259
-0.11501289
-0.121935375
-0.12899217
-0.14310846
-0.16017115
-0.1671988
-0.14989817
-0.14989817
-0.153962
-0.153962
-0.15785278
-0.15785278
-0.15785278
-0.16069655
-0.16820203
-0.16847047
-0.16102643
-0.14689541
-0.13230407
-0.11968438
-0.103917465
-0.088741265
-0.07624751
-0.060165267
-0.04436659
-0.032558583
-0.019083226
-0.007201032
0.004874205
0.014425747
0.028714359
0.046448134
0.08292298
0.08292298
0.09650291
0.12900256
0.1471021
0.1471021
0.15569013
0.15574896
0.12216949
0.08036519
0.084731996
0.094475515
0.094475515
0.10022092
0.10022092
0.09196132
0.09196132
0.0746393
0.05115123
0.026067914
0.003567569
-0.012271758
-0.027363405
-0.04196337
-0.060285095
-0.078297004
-0.09688342
-0.1096019
-0.1183029
-0.114662714
-0.10970743
-0.11458337
-0.12479144
-0.12895378
-0.12555067
-0.1228362
-0.12064682
-0.121192984
-0.12078552
-0.11826983
-0.112843186
-0.10952458
-0.10745159
-0.03202951
0.004148118
0.004148118
0.004148118
0.034902617
0.06587693
0.06587693
0.103975885
0.14101774
0.17459783
0.19067192
0.18319727
0.14941698
0.090961576
0.04378648
0.025238814
0.038624417
0.024461742
6.15E-04
6.15E-04
6.15E-04
-0.043848373
-0.09609257
-0.1360781
-0.15646435
-0.16250542
-0.17357539
-0.18934034
-0.20850404
-0.23189916
-0.25299397
-0.26478276
-0.26573843
-0.26040033
-0.24069685
-0.23528036
-0.23528036
-0.21858025
-0.21858025
-0.21858025
-0.20333722
-0.19009024
-0.18528154
-0.18335347
-0.18575406
-0.18793596
-0.18335274
-0.16670021
-0.15004155
-0.12539437
-0.09575096
-0.06674361
-0.04199551
-0.02650086
-0.016665276
-0.010303181
-0.014829323
-0.023932248
-0.027712598
-0.03496158
-0.041951627
-0.06929514
-0.07605511
-0.08394371
-0.08394371
-0.09327955
-0.10565597
-0.11663447
-0.12821203
-0.12456365
-0.12456365
